v0001anomes	c7	ct	cnt	pomif	poinf	taxami	taxasc
11/2011/11	48.94	48.27	187.19	66.67	37.5	10.11	8.85
11/2012/2	44.93	46.67	279.00	85.71	87.5	10.88	5.44
11/2012/3	45.99	82.18	225.84	81.25	66.67	12.41	5.52
11/2012/4	46.07	105.1	198.47	90.48	57.14	9.75	5.57
11/2012/5	42.62	102.37	217.94	55.56	6.25	20.89	3.92
11/2012/6	44.13	96.74	252.02	84.21	30	13.66	6.83
11/2012/7	44.95	95.77	233.09	63.64	30	13.18	2.64
11/2012/8	48.48	96.31	236.73	92.31	30	13.48	2.70
11/2012/9	46.5	99.73	271.66	61.9	14.29	19.18	6.85
11/2012/10	54.11	98.49	163.73	65	20	12.8	1.28
11/2012/11	49.55	92.7	224.39	50	0	13.04	3.91
11/2013/1	48.64	102.45	136.62	78.57	66.67	7.79	2.60
11/2013/2	46.36	95.45	220.90	90.91	100	4.45	8.90
11/2013/3	48.66	108.01	219.15	80	62.5	22.89	4.29
11/2013/4	47.93	103.72	187.03	95	28.57	19.02	6.79
11/2013/5	46.06	94.57	146.48	76.92	38.46	16.77	3.87
11/2013/7	42.68	103.28	139.21	75	14.29	8.93	7.65
12/2011/10	42.86	0	191.02	100	20	8.67	1.73
12/2012/1	46.11	0	128.12	100	87.5	13.86	0.00
12/2012/2	45.93	0	133.73	100	66.67	12.96	4.32
12/2012/5	43.81	0	185.00	100	100	9.04	1.81
12/2012/7	48.81	0	53.05	92.31	100	7.66	7.66
12/2012/8	45.98	0	62.11	100	83.33	12.27	16.36
12/2012/9	42.33	0	44.86	100	100	12.26	10.51
12/2012/10	49.39	0	23.70	92.86	100	17.73	3.55
12/2012/11	48.05	0	21.11	100	88.89	15.73	0.00
12/2012/12	50	0	24.00	100	100	6.92	1.73
12/2013/1	46.19	0	106.98	100	100	25.82	6.88
12/2013/3	47.13	0	8.10	100	100	12.33	12.33
12/2013/6	47.61	0	188.38	100	100	8.5	1.70
12/2013/7	50.51	0	124.91	90	100	8.58	6.86
13/2012/1	37.89	89.03	184.33	75	51.06	13.65	4.65
13/2012/2	33.28	89.69	223.02	67.8	41.51	16.3	3.69
13/2012/4	32.24	84.14	233.89	61.19	34.15	12.73	3.10
13/2012/5	33.1	77.27	269.10	70	40.74	16.23	2.10
13/2012/6	32.67	81.73	217.55	66.67	42.11	11.71	1.54
13/2012/7	33.03	84.29	194.93	62.5	57.14	12.35	2.65
13/2012/8	32.43	74.01	191.13	68.52	36.92	18.11	5.29
13/2012/9	32.24	67.6	242.61	61.54	33.33	13.05	4.64
13/2012/10	35.67	95.16	179.77	67.65	34.09	11.91	3.52
13/2012/11	32.24	72.28	195.52	60.29	31.82	12.35	3.37
13/2012/12	31.34	78.59	205.19	51.92	26.19	11.62	4.70
13/2013/1	31.89	66.84	17258.56	78.69	42.31	14.32	4.13
13/2013/2	29.05	91.19	266.06	58.06	46.15	20.17	4.03
13/2013/3	31.01	62.17	229.82	71.43	44.23	14.57	3.36
13/2013/4	32.21	83.19	237.96	63.49	43.14	15.09	3.25
13/2013/5	31.18	68.76	246.55	72.31	60.56	20.52	3.47
13/2013/7	32.46	78.33	265.98	70.21	68.29	11.84	6.35
14/2012/1	45.16	2.89	61.23	100	87.5	14.16	10.62
14/2012/2	41.06	7.79	66.33	100	91.67	25.48	4.25
14/2012/4	46.14	8.69	98.75	100	100	7.83	9.78
14/2012/5	43.84	0	119.41	100	77.78	16.13	3.58
14/2012/6	42.65	0	64.62	100	80	21.28	14.89
14/2012/7	47.02	0	96.13	100	100	12.75	7.29
14/2012/8	45.72	0	88.56	100	0	1.77	12.39
14/2012/9	42.3	26.55	58.19	100	85.71	13.38	5.74
14/2012/10	46.08	0	72.90	100	100	18.08	1.81
14/2012/12	42.12	77.84	56.85	100	71.43	13.23	9.45
14/2013/1	45.56	61.81	71.94	100	100	10.68	7.12
14/2013/2	42.88	33.63	68.66	100	87.5	16.88	10.55
14/2013/3	41.14	76.16	60.90	83.33	100	16.01	8.90
14/2013/4	48.75	0	75.56	100	100	12.05	16.06
14/2013/5	46.59	0	60.61	95.65	100	22.26	11.13
14/2013/6	48.98	0	70.78	100	100	5.78	3.85
14/2013/7	44.7	0	53.89	100	100	7.63	13.36
15/2012/2	58.44	56.86	214.41	83.67	26.32	12.48	4.60
15/2012/3	56.77	67.81	183.11	74.63	12.5	17.64	0.55
15/2012/4	58.05	71.5	205.04	68.25	11.11	20.13	1.68
15/2012/5	56.15	72.71	184.08	73.44	0	15.53	3.88
15/2012/6	55.19	69.22	200.97	63.04	13.89	21.77	2.42
15/2012/8	56.22	70.46	191.16	66.67	6.67	17.05	3.41
15/2012/11	58.69	70.7	178.65	56.9	3.23	16.76	3.78
15/2012/12	58.32	78.05	139.99	58.62	0	15.53	4.66
15/2013/1	56.68	60.09	176.06	88.24	54.29	18.69	4.81
15/2013/3	54.97	66.48	158.86	87.5	63.33	16.21	2.16
15/2013/5	59.73	68.22	168.87	78.57	53.33	15.16	0.00
15/2013/6	58.11	55.33	186.02	82.05	52.5	22.23	2.22
15/2013/7	56.64	52.75	150.54	72.09	35.48	16.6	0.00
16/2012/1	33.91	60.86	0.00	85.71	23.08	15.97	6.14
16/2012/2	33.78	57.25	0.00	88.89	0	12.57	12.57
16/2012/3	35.89	55.45	0.00	88.89	26.67	20.41	12.24
16/2012/4	34.56	61.63	0.00	100	27.27	16.13	10.26
16/2012/5	31.38	58.65	0.00	100	14.29	28.81	8.23
16/2012/6	33.2	74.07	0.00	86.67	25	17.91	13.43
16/2012/7	35.22	70.6	0.00	88.89	11.11	23.68	18.42
16/2012/9	34	74.71	0.00	91.67	3.85	32.54	6.26
16/2012/10	40.68	54.19	0.00	50	0	34.52	16.67
16/2012/12	39.29	59.69	0.00	66.67	0	15.71	13.09
16/2013/1	34.03	9.69	0.00	88.24	69.57	28.47	17.33
16/2013/2	28.84	0	0.00	87.5	38.46	18.23	15.43
16/2013/3	30.43	0	0.00	90.91	52.38	27.78	25.13
16/2013/5	29.86	0.68	0.00	69.23	88.24	22.76	16.06
16/2013/6	35.88	0	0.00	90.91	52.63	24.71	7.80
16/2013/7	33.55	0	0.00	57.14	50	15.71	1.31
17/2012/1	56.33	35.73	26.02	100	100	10.08	0.00
17/2012/2	56.17	20.15	28.99	100	100	15.02	6.01
17/2012/3	58.86	26.73	36.74	100	100	13.76	9.17
17/2012/4	63.53	29.82	45.76	100	100	9.62	7.21
17/2012/6	61.18	31.11	29.01	100	100	6.98	9.30
17/2012/7	61.86	19.77	23.29	100	100	10.05	5.03
17/2012/8	57.04	38.44	29.77	100	100	5	10.00
17/2012/10	69.13	4.92	37.76	100	100	4.74	9.48
17/2012/12	68.52	24.07	20.90	100	100	5.75	11.49
17/2013/1	61.21	114.37	33.67	100	100	2.62	2.62
17/2013/3	64.08	111.26	33.67	100	100	18.87	8.09
17/2013/5	65.42	107.27	0.00	100	100	14.12	11.76
17/2013/6	64.71	0	0.00	100	100	11.49	4.60
17/2013/7	60.46	0	4.66	100	100	9.66	14.49
21/2012/1	41.62	13.43	61.93	100	27.27	14.72	11.37
21/2012/2	41.07	20.87	70.22	96	39.13	16.49	1.43
21/2012/4	42.95	22.26	2.80	95.83	29.41	12.49	6.61
21/2012/5	42.84	22.19	0.00	96.67	45	13.47	5.39
21/2012/6	42.42	5.79	52.04	96.55	17.86	18.03	6.44
21/2012/7	42.82	5.34	42.57	90.32	33.33	16.56	7.36
21/2012/8	42.15	5.28	5.29	82.76	27.59	18.76	9.06
21/2012/10	43.78	8.08	70.31	83.87	56.25	10.09	6.31
21/2012/11	44.86	8.2	12.97	96.15	21.43	18.59	1.99
21/2012/12	44.09	8.57	68.64	63.89	4.55	14.22	5.17
21/2013/2	37.77	27.4	12.37	85.71	70.37	21.58	5.60
21/2013/3	41.01	17.83	58.89	94.44	72.73	21.74	4.61
21/2013/4	39.72	25.89	61.86	97.06	60.87	16.57	5.76
21/2013/5	40.2	29.61	63.89	95.12	83.33	16.48	5.49
21/2013/6	39.56	14.22	84.31	94.59	71.88	22.32	13.25
21/2013/7	40.03	11.16	66.57	93.33	83.33	12.26	10.90
22/2012/1	51.53	41.33	0.24	100	80	12.95	2.59
22/2012/3	46.2	29.22	0.12	100	72	21.53	3.45
22/2012/4	48.84	10.25	0.11	100	100	13.25	4.97
22/2012/5	50.17	10.35	0.00	100	86.36	18.32	3.33
22/2012/7	52.52	30.99	0.00	100	86.67	13.59	8.15
22/2012/8	52.72	21.2	0.00	100	77.27	19.82	6.31
22/2012/10	53.06	46.85	0.00	79.31	78.95	15.4	6.48
22/2013/1	56.55	40.35	0.00	100	93.33	14.12	3.77
22/2013/2	58	44.26	0.00	100	88.24	17	11.00
22/2013/3	54.3	48.3	0.00	100	93.75	14.52	9.07
22/2013/4	56.62	43.56	0.00	100	92.31	11.45	8.81
22/2013/5	54.36	58.41	0.11	100	94.74	14.76	10.10
22/2013/6	52.76	54.78	0.00	100	100	14.02	4.38
23/2011/10	40.33	18.56	73.70	76.92	75.76	10.81	16.38
23/2012/1	37.55	11	52.65	98.7	97.22	11.29	10.04
23/2012/2	37.7	20.29	83.03	97.33	84.85	11.86	20.49
23/2012/4	39.85	8.33	77.54	98.55	97.44	12.25	19.79
23/2012/5	39.08	13.63	67.93	100	95.35	12.52	20.38
23/2012/6	39.66	28.19	65.49	96.34	93.94	10.54	17.89
23/2012/7	39.44	12.81	62.53	94.94	93.33	9.55	22.27
23/2012/8	38.66	15.78	68.18	98.51	94.59	12.22	22.13
23/2012/9	37.85	18.1	63.96	90	83.87	9.77	17.33
23/2012/11	42.63	4.05	63.29	96.92	91.43	11.11	17.78
23/2013/3	40.16	4.85	73.16	87.14	97.3	11.71	16.46
23/2013/4	43.87	7.34	94.98	92	85.29	10.46	19.37
23/2013/5	42.99	17.87	69.99	92.47	80.56	10.39	18.75
23/2013/6	41.6	20.69	76.36	95.45	64.71	10.59	20.86
23/2013/7	43.28	15.94	39.74	89.9	80.49	12.14	24.28
24/2012/1	52.01	54.9	9.08	92	22.22	9.63	16.04
24/2012/3	50.78	55.2	5.84	100	44.44	8.36	26.02
24/2012/4	52.42	49.63	3.77	88	41.67	10.81	23.42
24/2012/5	54.23	59.46	3.07	94.12	33.33	8.41	21.50
24/2012/8	53.66	50.46	0.48	92	30.77	13.18	26.37
24/2012/10	57.58	79.89	12.82	84.21	40	15.35	18.42
24/2012/11	56.29	69.6	18.23	88.89	13.33	15.84	12.67
24/2013/1	55.88	48.14	16.92	94.12	72.73	10.93	17.89
24/2013/2	54.37	15.9	40.88	100	60	21.95	17.56
24/2013/3	53.35	16.47	19.04	95.45	53.85	12.37	19.03
24/2013/6	54.49	2.75	7.64	100	22.22	8.91	14.85
24/2013/7	56.83	0	4.84	92.31	50	11.89	13.88
25/2011/9	56.02	115.82	97.08	100	100	7.15	12.26
25/2012/1	60.74	123.49	55.38	100	100	14.16	15.25
25/2012/2	57.3	124.62	135.83	100	91.67	13.9	17.38
25/2012/3	60.95	134.3	76.34	93.33	100	12.82	18.74
25/2012/4	61.14	112.23	148.61	100	100	13.31	12.28
25/2012/5	60.9	116.07	155.50	100	90	9.55	11.46
25/2012/6	61.6	112.8	45.17	97.3	100	22.39	14.93
25/2012/7	60.87	121.96	143.62	96	93.75	15.79	15.79
25/2012/8	62.49	109.58	190.99	95.65	100	11.26	9.01
25/2012/9	63.63	126.35	160.84	100	88.24	17.89	8.42
25/2012/10	63.37	118.95	174.17	100	90	10.87	7.61
25/2012/11	68.37	132.72	178.71	87.5	92.86	15.45	12.14
25/2012/12	63.58	134.77	143.61	74.07	80	11.52	11.52
25/2013/2	60	132.83	172.84	93.75	91.67	14.83	13.60
25/2013/3	64.28	140.54	157.25	92	100	6.19	14.43
25/2013/4	63.71	124.23	175.04	92.59	92.31	12.78	6.88
25/2013/5	62.93	117.21	161.60	89.47	92.86	13.65	9.75
25/2013/6	62.96	113.26	129.07	77.42	100	12.45	11.49
25/2013/7	63.79	111.49	157.93	80	100	7.91	9.89
26/2012/1	54.71	0	108.07	100	100	11.62	32.08
26/2012/11	60.01	0.05	120.61	97.67	96.77	17.5	18.07
26/2013/1	61.65	0	80.77	100	100	10.6	26.25
26/2013/3	56.81	0	125.77	93.33	96.3	13.32	27.13
26/2013/5	58.66	0	71.93	98.04	100	12.79	28.78
26/2013/7	57.43	10.56	57.99	100	100	12.3	24.08
27/2011/12	46.45	24.59	56.40	52.17	35	17.01	13.61
27/2012/1	45.83	21.17	49.94	79.41	35.71	12.08	22.43
27/2012/2	50.3	19.07	35.80	70.27	29.41	14.32	24.43
27/2012/3	44.73	31.68	25.54	74.29	40	7.52	15.79
27/2012/5	48.1	10.02	35.53	81.08	26.92	18.45	16.32
27/2012/6	49.25	9.72	26.23	58.82	25	12.44	25.66
27/2012/7	45.33	6.38	23.47	40.63	21.74	17.16	21.64
27/2012/9	48.5	18.94	22.06	50	6.67	12.22	15.48
27/2012/10	46.45	15.81	22.23	68.57	29.17	19.32	23.35
27/2013/1	46.55	16.67	9.49	85.19	40	15.99	26.38
27/2013/3	40.61	11.97	25.21	83.87	42.86	10.43	25.34
27/2013/5	43.84	12.94	25.70	93.18	42.11	13.43	19.79
28/2012/3	55.04	24.01	959.60	93.33	100	15.08	17.40
28/2012/7	55.63	0	561.73	87.5	87.5	9.78	39.12
28/2012/8	59.17	78.97	493.53	77.78	100	13.68	27.36
28/2012/9	54.73	90.17	757.37	89.47	100	15.65	32.72
28/2012/11	57.2	75.6	418.85	90.91	86.67	20.69	27.59
28/2013/3	57.22	131.23	367.44	87.5	100	17.95	35.90
28/2013/5	56.1	0	233.33	85.71	100	17.14	36.57
28/2013/7	52.77	0	394.85	93.75	91.67	14.91	27.33
29/2012/1	50.04	3	72.79	64.37	20.41	16.6	6.44
29/2012/2	46.78	2.07	54.28	56.84	18.33	20.16	5.71
29/2012/3	45.36	3.06	73.86	53.13	24.56	16.38	8.34
29/2012/6	47.41	13.45	81.36	45.98	13.64	13.41	8.23
29/2012/7	44.06	9.84	81.28	51.52	12.5	15.35	10.87
29/2012/8	44.71	8.63	84.23	40.21	9.26	18.64	8.97
29/2012/9	46.57	2.14	60.59	32.18	15.56	15.83	5.98
29/2012/10	49.1	12.31	70.03	46.34	18.6	14.39	10.71
29/2012/12	47.3	20.19	40.83	39.51	7.02	18.92	11.28
29/2013/1	45.24	29.11	74.38	70.53	14.29	20.24	13.17
29/2013/5	46.49	5.23	87.84	58.75	25.42	17.05	13.29
31/2012/2	72.01	60.41	0.81	98.41	52.17	8.69	6.80
31/2012/3	74.02	43.01	1.30	89.66	47.73	14.65	6.66
31/2012/4	73.89	40.83	1.11	95.16	80	9.09	6.18
31/2012/5	73.21	70.27	1.04	97.62	66.67	10.76	5.74
31/2012/6	73.59	64.59	0.75	91.04	53.33	11.46	6.88
31/2012/7	74.59	58.31	1.12	94.59	56	9.38	8.63
31/2012/8	73.76	64.3	0.74	94.44	56.52	8.64	9.01
31/2012/10	76.19	58.6	1.00	77.42	53.33	11.32	9.81
31/2012/12	75.06	54.93	0.72	92.21	33.33	10.42	6.56
31/2013/1	76.45	57.99	0.69	98.63	64.29	10.87	5.05
31/2013/2	75.34	54.52	0.43	100	70.83	9.67	10.07
31/2013/3	74.18	54.81	0.84	100	70	6.92	7.26
31/2013/4	76.59	52.21	0.79	100	75	11.84	8.88
31/2013/5	74.32	58.18	0.84	100	100	10.61	10.25
31/2013/6	72.56	49.33	1.20	96.88	100	8.95	8.95
31/2013/7	72.77	58.11	0.55	100	100	10.94	10.56
32/2012/1	77.11	11.72	0.00	100	100	2.78	13.89
32/2012/2	78.33	0	0.00	100	100	12.99	18.18
32/2012/3	71.17	15.06	0.00	100	100	9.15	18.31
32/2012/6	77.23	15.63	0.00	100	0	0	19.02
32/2012/7	75.82	15.49	0.00	100	100	12.35	12.35
32/2012/9	75.45	0	0.00	100	100	8.24	30.22
32/2012/11	72.18	38.29	0.00	100	100	6.01	39.04
32/2013/4	73.25	27.79	0.00	100	100	12.76	22.96
32/2013/6	75.91	0	0.00	100	100	7.98	29.26
33/2012/3	64.9	3.6	67.00	87.16	94.62	11.5	16.32
33/2012/5	65.41	2.84	42.08	80.35	90.43	15.32	19.05
33/2012/6	66.47	1.47	37.19	88.57	89.76	17.67	18.08
33/2012/8	67.75	2.32	107.45	87.19	85.71	12.89	19.55
33/2012/9	70.15	6.7	103.30	85.34	83.53	12.15	20.73
33/2012/10	70.17	4.76	85.25	86.81	90.2	14.26	25.72
33/2012/11	71.26	5.26	74.30	87.2	96.1	11.75	21.52
33/2013/1	71.31	1.16	57.61	90	89.58	13.07	22.74
33/2013/2	68.59	2.87	53.68	90.2	91.25	11.28	18.48
33/2013/3	67.79	5.25	59.94	87.22	86.05	11.38	14.43
33/2013/4	70.11	3.89	51.85	90.5	88.64	11.41	18.28
33/2013/5	69.77	4.15	31.57	90.23	87.16	13.53	20.60
33/2013/6	69.66	3.29	32.36	90.91	91.3	15.56	22.46
35/2012/1	73.54	1.16	41.23	95.85	97.52	10.99	5.32
35/2012/2	72.17	2.22	47.20	93.09	97.92	9.79	5.10
35/2012/3	73.13	1.47	16.83	82.82	96.7	10.96	5.12
35/2012/4	73.83	1.86	41.51	91.16	95.19	12.72	4.62
35/2012/5	74.5	2.3	29.10	92.76	97.24	11.83	6.60
35/2012/7	73.67	1.97	6.98	98.85	95.72	12.78	6.22
35/2012/8	73.58	2.15	7.66	97.02	94.94	12.21	7.41
35/2012/9	75.58	1.93	7.99	97.71	96.3	11.26	5.91
35/2012/10	76.33	1.58	7.69	99.31	87.66	10.6	6.19
35/2012/11	76.3	1.46	8.44	93.07	93.29	12.39	6.88
35/2012/12	75.47	1.37	7.62	97.66	93.24	10.49	5.46
35/2013/1	75.11	0.79	7.47	98.71	96.45	9.67	6.59
35/2013/2	73.97	1.61	8.27	79.13	94.74	9.32	5.04
35/2013/3	75.25	1.9	6.74	99.69	98.27	11.29	7.83
35/2013/4	75.55	2.25	7.25	99.66	95.6	11.76	7.30
35/2013/5	75.99	2.36	7.02	99.09	96.07	11.58	7.03
35/2013/6	76.44	1.57	7.62	100	95.56	12.56	8.09
35/2013/7	75.7	4.65	8.45	99.32	97.52	11.05	6.80
41/2012/1	89.79	54.73	56.27	100	100	7.5	7.50
41/2012/3	79.59	58.63	201.11	100	100	6.41	4.70
41/2012/4	79.97	38.79	249.58	100	100	8.66	9.14
41/2012/5	85.13	64.44	281.87	100	100	12.69	4.53
41/2012/6	85.59	54.06	248.78	100	100	13.33	4.76
41/2012/8	83.96	55.5	294.66	100	100	6.72	3.36
41/2012/9	84.69	45.06	257.06	100	100	9.75	3.41
41/2012/11	88.44	56.89	313.43	100	100	8.32	7.28
41/2012/12	87.78	58.29	230.59	100	100	10.03	5.01
41/2013/1	87.12	53.83	288.56	100	100	6.86	4.57
41/2013/4	86.11	56.47	273.98	100	100	9.85	4.03
41/2013/5	85.63	59.53	255.50	100	100	13.2	5.66
41/2013/6	86.04	59.78	265.29	100	100	8.88	7.89
42/2011/11	73.48	1.46	243.98	91.67	100	4.89	2.44
42/2012/1	63.22	0.96	56.03	100	100	13.36	4.45
42/2012/2	64.14	46.55	183.05	100	100	4.54	6.80
42/2012/4	70.53	35.79	181.90	100	100	4.17	10.42
42/2012/8	66.53	32.24	262.99	100	100	6.73	2.24
42/2012/11	71.11	39.56	261.89	100	100	9.66	2.42
42/2013/2	68.55	49.27	212.50	100	100	2.25	11.26
42/2013/3	68.92	50.23	206.98	100	100	11.79	25.54
42/2013/5	68.63	40.98	207.03	100	100	9.78	5.87
43/2012/3	68.63	67.95	66.85	100	100	6.85	18.82
43/2012/4	70.45	66.69	64.82	100	100	9.14	23.16
43/2012/5	70.08	58.14	66.55	100	100	6.88	22.35
43/2012/6	67.51	59.54	56.70	100	100	12.11	19.98
43/2012/7	69.19	109.56	60.91	100	100	11.76	26.01
43/2012/8	69.35	80.74	65.61	100	100	12.29	14.13
43/2012/9	70.76	61.79	33.43	100	100	5.69	28.45
43/2012/10	73.26	74.72	31.09	100	100	7.49	26.22
43/2012/12	75.35	65.65	28.02	100	100	10.69	15.72
43/2013/3	69.97	74.74	24.85	93.55	100	6.1	24.42
43/2013/5	71.23	74.98	26.91	96.43	100	7.43	22.87
43/2013/6	72.16	51.52	30.23	95.12	100	10.81	24.62
50/2012/2	62.14	51.99	1.61	93.33	100	10.24	5.12
50/2012/3	66.81	54.52	2.10	91.67	100	5.62	1.61
50/2012/6	65.82	46.33	0.00	76.19	80	13.65	5.46
50/2012/7	64.6	44.68	0.00	90.91	75	7.21	8.12
50/2012/8	65.64	25.79	0.00	88	84.62	11.76	8.14
50/2012/9	66.06	33.48	0.00	87.5	100	6.54	14.01
50/2012/10	67.32	23.34	0.00	88	80	8.73	9.60
50/2012/11	68.15	20.59	0.00	90.48	70	10.02	14.03
50/2012/12	65.23	11.52	0.00	85	100	3.73	12.13
50/2013/1	66.23	13.15	0.00	92.59	81.82	9.18	9.18
50/2013/3	65.83	27.22	0.00	82.61	100	6.49	4.87
50/2013/4	64.2	22.56	0.00	90.48	92.31	10.84	12.51
50/2013/5	67.39	23.6	0.00	86.67	100	10.43	5.62
50/2013/6	68.62	26.48	0.00	81.25	100	11.33	11.33
50/2013/7	67.89	22.47	8.29	86.96	100	7.08	9.73
51/2012/1	74.21	41.19	4.78	100	100	15.64	2.41
51/2012/2	68.23	17.57	14.85	100	81.82	13.13	3.58
51/2012/4	66.04	15.71	17.76	100	100	10.84	3.61
51/2012/8	70.27	26.99	20.90	100	100	9.01	11.58
51/2012/9	68.98	15.83	17.55	100	100	22.38	4.71
51/2012/10	70.32	21.67	11.70	96.97	85.71	16.61	4.74
51/2013/1	69.55	16.27	11.19	93.33	100	20.43	13.22
51/2013/3	64.76	6.85	14.14	100	90.91	12.87	11.70
51/2013/5	67.28	0.97	11.81	100	94.44	20.74	8.06
51/2013/6	71.2	20.05	8.42	100	100	15.1	9.29
52/2012/1	69.75	12.4	0.38	100	100	18.9	1.77
52/2012/3	68.29	9.49	0.34	100	100	16	1.03
52/2012/4	68.66	16.99	0.36	100	100	11.86	2.82
52/2012/5	69.68	20.27	0.48	100	95.83	13.54	0.56
52/2012/6	67.85	25.72	0.39	100	100	9.38	0.59
52/2012/7	68.39	27.86	0.00	100	95.65	13.23	1.73
52/2012/8	69.18	22.08	0.00	100	100	10.5	2.21
52/2012/9	70.55	28.45	9.10	100	100	6.98	2.33
52/2012/12	73.21	26.21	14.84	100	95.65	12.52	1.09
52/2013/1	72.18	20.36	15.53	100	100	14.98	4.82
52/2013/2	69.72	18.46	0.88	100	100	12.01	1.14
52/2013/3	70.44	14.52	2.99	100	100	18.32	1.02
52/2013/4	71.4	11.6	5.73	100	100	10.34	1.03
52/2013/6	67.5	10.46	18.28	100	100	9.28	6.01
53/2012/1	62.43	1.77	12.77	98.68	79.55	12.17	4.98
53/2012/2	60.56	5.09	43.23	89.86	79.49	10.96	4.78
53/2012/3	64.09	11.72	0.00	100	91.84	12.66	2.07
53/2012/4	65.31	3.41	8.28	96.92	87.5	10.9	5.18
53/2012/5	66.01	6.38	30.49	91.25	87.5	12.87	4.02
53/2012/6	65.26	3.91	0.00	95.45	87.5	11.2	2.80
53/2012/7	66.44	7.98	9.17	91.38	91.3	12.94	4.50
53/2012/8	67.48	9.2	18.38	92.21	91.67	12.9	6.45
53/2012/9	69.08	11.98	0.00	86.15	91.67	10.07	6.16
53/2012/11	69.38	4.57	27.18	89.09	87.8	11.68	4.27
53/2012/12	64.96	6.15	0.00	80	80	9.97	4.56
53/2013/1	61.07	4.16	44.25	94.59	98.11	14.06	5.57
53/2013/2	62.11	1.27	18.52	100	97.78	12.93	5.46
53/2013/3	62.52	2.53	0.00	98.21	95.24	10.65	4.57
53/2013/4	63.14	8.07	14.07	100	97.78	11.85	4.48
53/2013/6	69.83	0	0.00	98.25	89.13	12.7	8.28
53/2013/7	63.51	0	0.00	81.58	94	13.27	7.96
